is_spammer,id,name,verified,followers_count,follow_count,post_count,favourites_count,bi_followers_count,user_ability,followRatio,friendRatio
1,5306381710,娇羞2015,0,1,84,0,0,0,0,42.00,0.00
1,6307069436,用户6307069436,0,1,66,0,0,0,0,33.00,0.00
1,6382601909,涳溟64359,0,1,350,0,0,0,0,175.00,0.00
1,6868092604,俞春凤869,0,1,60,0,0,0,0,30.00,0.00
1,6297326699,用户6297326,0,1,178,0,1,0,0,89.00,0.00
1,6130368093,用户6130368093,0,1,338,0,0,0,0,169.00,0.00
1,6490240957,用户6490240957,0,1,119,0,0,0,0,59.50,0.00
1,5123762073,森53822,0,1,63,19,0,0,0,31.50,0.00
1,6533543164,用户6533543164,0,1,375,0,0,0,0,187.50,0.00
1,6232383132,用户6232383132,0,1,121,0,0,0,0,60.50,0.00
1,6339186071,良心鲨,0,5,427,3,0,0,0,71.17,0.00
0,5997292295,董董5997292295,0,40,83,91,2,10,1048576,2.02,0.12
1,5151192871,天天地心中_128,0,3,146,6,0,0,0,36.50,0.00
0,6619458254,活溎景小小天敖,0,26,84,60,0,11,2097152,3.11,0.13
0,2351691635,喵喵长大2351691635,0,1,196,7,0,0,0,98.00,0.00
1,6242304516,用户6242304516,0,1,111,0,0,0,0,55.50,0.00
1,6245750803,爱上菜团子,0,4,390,6,0,0,0,78.00,0.00
0,1793307565,刘志豪1009,0,87,205,75,15,8,2098176,2.33,0.04
1,6141062261,谁是荷兰豆3399,0,1,244,0,0,0,0,122.00,0.00
1,6579516723,孟逸歆1990,0,9,627,0,0,0,0,62.70,0.00
1,6417693644,一只耳5647,0,1,64,0,0,0,0,32.00,0.00
0,1763778550,松果妮,0,219,164,622,7,62,0,0.75,0.38
1,6709008374,用户6709008374,0,1,113,0,0,0,0,56.50,0.00
1,7157908279,梨大大dn,0,1,61,0,0,0,0,30.50,0.00
1,7157907809,耶嘿哦吼啦vM,0,1,54,0,0,0,0,27.00,0.00
1,7156978239,用户7156978239,0,1,184,0,0,0,0,92.00,0.00
0,2324618074,小猫打虎,0,85,315,80,0,20,0,3.66,0.06
1,6573263698,刺青青2018,0,1,85,0,0,0,0,42.50,0.00
1,6308013320,专业生产玻璃茶壶,0,1,95,0,0,0,0,47.50,0.00
1,7155865242,用户7155865242,0,12,13,0,0,0,0,1.00,0.00
1,6561849394,婷宝贝201808,0,6,94,0,0,0,0,13.43,0.00
0,6080108409,曲奇在唱歌12,0,26,565,41,4,1,2097152,20.93,0.00
0,3142007343,jhua88888,0,20,114,26,1,5,33555458,5.43,0.04
1,6619374452,GlinmaD,0,1,62,0,0,0,0,31.00,0.00
0,7156978464,用户7156978464,0,1,360,1,0,1,0,180.00,0.00
0,7156978103,用户7156978103,0,1,13,0,0,0,0,6.50,0.00
1,6827050720,用户6827050720,0,1,61,10,0,0,0,30.50,0.00
0,1103779043,超级老张110,0,3,170,8,0,1,2101248,42.50,0.01
1,6016958360,用户6016958360,0,1,437,2,0,0,0,218.50,0.00
1,6170704375,用户20181008198006,0,1,68,0,0,0,0,34.00,0.00
1,6587366378,天晓得1992,0,1,89,1,1,0,0,44.50,0.00
0,3749915701,毋晦,0,37,122,9,0,14,0,3.21,0.11
1,6344469633,HENRY6555,0,1,181,0,0,0,0,90.50,0.00
0,2627501613,xx珊瑚虫,0,28,196,52,2,2,2097152,6.76,0.01
1,6990752346,云雨50807,0,1,76,1,0,0,0,38.00,0.00
0,6579408969,用户6579408969,0,6,441,10,0,0,0,63.00,0.00
1,6336501748,哑剧03616,0,1,145,4,0,0,0,72.50,0.00
1,5624137249,单人旅途78779,0,3,141,1,0,0,0,35.25,0.00
1,6078743960,开心6078743960,0,4,477,0,0,0,0,95.40,0.00
1,6468433249,用户6468433249,0,2,339,0,0,0,0,113.00,0.00
1,6603307600,A1私人订制半永久眉眼唇纹41467,0,1,77,0,0,0,0,38.50,0.00
1,5593612730,用户5593612730,0,1,136,1,0,0,0,68.00,0.00
1,7156977162,林超荣m08,0,1,38,0,0,0,0,19.00,0.00
1,2248537957,20160729秋去冬来,0,7,126,5,0,0,0,15.75,0.00
1,6065671129,用户6065671129,0,28,226,0,0,0,0,7.79,0.00
1,6460568161,迷离6201801,0,17,271,11,0,0,0,15.06,0.00
0,2489348004,卡梅尼特斯,0,802,892,63,5,644,2097158,1.11,0.72
1,6578876141,以爱之名9479,0,2,418,0,0,0,0,139.33,0.00
1,5966314779,潇泽雨,0,27,130,2,0,0,0,4.64,0.00
1,5790996057,用户5790996057,0,1,130,0,0,0,0,65.00,0.00
1,5148492076,用户w9dpf9h19u,0,1,139,0,0,0,0,69.50,0.00
1,6031195424,芊亦晨,0,1,146,0,0,0,0,73.00,0.00
1,5629881841,1QBKiY_375,0,1,103,0,0,0,0,51.50,0.00
1,5290434213,不敢用大号的一个人,0,3,151,0,0,0,0,37.75,0.00
1,7156975160,风雪沁梦47739,0,1,677,0,0,0,0,338.50,0.00
1,7156975144,末是一个字,0,1,21,0,0,0,0,10.50,0.00
0,1734270610,布小丁不小,0,294,357,1136,1196,71,33554432,1.21,0.20
1,6130198683,用户6130198683,0,18,124,0,0,0,0,6.53,0.00
1,1877177227,策士统领丶盖伦,0,14,59,6,1,1,0,3.93,0.02
1,6413063314,浪漫的Magic527,0,1,71,0,0,0,0,35.50,0.00
1,6147273743,亚琼2005,0,16,203,1,0,0,0,11.94,0.00
1,7078222076,无言3452420110,0,1,61,0,0,0,0,30.50,0.00
1,6546034098,往后余生奋斗一生,0,2,229,1,0,0,0,76.33,0.00
1,7157903835,i爆爆梨,0,1,23,0,0,0,0,11.50,0.00
1,6489758408,用户6489758408,0,1,237,2,0,0,0,118.50,0.00
1,6783876817,用户6783876817,0,1,62,13,0,0,0,31.00,0.00
1,6440413966,Flynn53172,0,1,127,0,0,0,0,63.50,0.00
1,6519387652,用户6519387652,0,1,70,0,0,0,0,35.00,0.00
0,2232980511,会飞的熊猫820919,0,96,461,566,8,5,35651584,4.75,0.01
1,6378081553,美好_记忆0852,0,1,120,0,0,0,0,60.00,0.00
1,6259526568,用户6259526568,0,1,228,0,0,0,0,114.00,0.00
1,7157889614,巴拉巴jz拉大西瓜,0,1,26,0,0,0,0,13.00,0.00
1,6939976706,李立596,0,4,91,1,0,0,0,18.20,0.00
1,1872245387,长弓化十1314,0,0,343,0,0,0,0,343.00,0.00
1,7156960762,Z媺小姐8,0,1,26,0,0,0,0,13.00,0.00
1,6912156829,时光里想起,0,2,79,1,0,0,0,26.33,0.00
1,7156960623,UD非干病酒,0,1,47,0,0,0,0,23.50,0.00
1,7157889661,用户7157889661,0,1,189,0,0,0,0,94.50,0.00
1,7156959662,席乙87777,0,1,363,0,0,0,0,181.50,0.00
1,5388665149,无话可说_zz,0,1,60,0,0,0,0,30.00,0.00
1,7157889697,嘛咦呀哟V嘿7,0,1,21,0,0,0,0,10.50,0.00
1,7071421590,小笼包chop01,0,2,161,0,0,0,0,53.67,0.00
1,6116675479,要成为海贼王的男人蒙奇D路飞,0,1,63,1,0,0,0,31.50,0.00
1,6779752237,用户6779752237,0,1,217,0,0,0,0,108.50,0.00
1,6457946833,春依惠人杨杨,0,1,63,0,0,0,0,31.50,0.00
1,7156960009,小Q摸人7,0,1,33,0,0,0,0,16.50,0.00
1,6289128109,用户6289128109,0,11,286,4,0,0,0,23.83,0.00
1,7157889303,Sforever_0616012,0,1,43,0,0,0,0,21.50,0.00
1,6517422084,飞奔鱼丫,0,18,16,0,0,0,0,0.84,0.00
1,5196784853,不可缺少的陳先森,0,8,370,2,0,0,0,41.11,0.00
1,6124843673,来治猩猩的你ii,0,14,545,0,0,0,0,36.33,0.00
1,6376756513,廖佳伟187-7695-3665,0,1,402,0,0,0,0,201.00,0.00
1,3204420672,ringexo,0,5,105,0,0,0,0,17.50,0.00
0,3664428794,美丽一次小小震,0,21,176,42,0,1,0,8.00,0.01
0,2717029407,手机用户2717029407,0,31,267,23,16,28,0,8.34,0.10
1,7156958828,用户7156958828,0,1,46,0,0,0,0,23.00,0.00
1,7157885861,用户7157885861,0,1,59,0,0,0,0,29.50,0.00
1,7052932874,用户7052932874,0,1,123,0,0,0,0,61.50,0.00
1,6282364340,用户6282364340,0,1,270,1,0,0,0,135.00,0.00
0,6452946574,北葵向暖6452946574,0,22,282,22,1,0,2097152,12.26,0.00
0,3167228242,mei·薇思,0,56,372,25,0,15,2097152,6.53,0.04
0,1781117273,道口画宝刚烧鸡,0,404,2057,1933,1,57,35652096,5.08,0.03
0,5178377792,安小胖胖胖胖胖胖,0,97,195,102,5,21,0,1.99,0.11
1,6315493807,用户6315493807,0,1,151,0,0,0,0,75.50,0.00
1,5531014227,Thedynamic-波,0,1,65,1,0,0,0,32.50,0.00
0,6262818102,陳陳陳cccK珊ss,0,82,273,124,16,0,2097152,3.29,0.00
1,6191236751,只玺欢妮,0,2,113,0,0,0,0,37.67,0.00
1,7156956546,用户7156956546,0,1,384,0,0,0,0,192.00,0.00
0,5189874795,yangyang杏子,0,96,291,144,226,34,33554432,3.00,0.12
1,6790381945,用户6790381945,0,3,181,0,0,0,0,45.25,0.00
1,2903181501,手机用户2903181501,0,8,109,21,1,0,0,12.11,0.00
1,6891493443,浅挚绊离兮186,0,27,234,0,0,0,0,8.36,0.00
1,6716137484,用户6716137484,0,1,66,1,0,0,0,33.00,0.00
1,6821469748,用户6821469748,0,1,124,23,0,0,2097152,62.00,0.00
1,6472826010,用户6472826010,0,1,129,1,0,0,0,64.50,0.00
1,3169456264,疯子小强888,0,10,773,3,0,0,0,70.27,0.00
1,5537318531,用户5537318531,0,1,91,0,0,0,0,45.50,0.00
1,6375959242,骑着蜗牛去把妹5538,0,2,121,0,0,0,0,40.33,0.00
0,5516207335,茉莉蜜茶5516207335,0,23,242,15,9,1,35651584,10.08,0.00
1,6531045043,用户6531045043,0,1,14,1,0,0,0,7.00,0.00
1,6997637545,想宝宝518,0,1,329,0,0,0,0,164.50,0.00
1,6335882135,李丫头1367,0,1,117,0,0,0,0,58.50,0.00
1,2409286947,凹月au,0,3,101,3,0,0,0,25.25,0.00
1,6095986390,fengfeng小雪,0,26,295,1,0,0,0,10.93,0.00
1,6833966285,用户6833966285,0,1,59,16,0,0,2097152,29.50,0.00
1,6827264623,用户6827264623,0,1,62,31,0,0,0,31.00,0.00
0,2388729443,苗条猪2012,0,134,233,32,0,2,0,1.73,0.01
1,5641433302,用户5324365823,0,1,97,0,0,0,0,48.50,0.00
1,7156953560,海洋世界1372,0,1,610,0,0,0,0,305.00,0.00
0,5584942771,岁月静好19860607,0,14,194,70,0,0,0,12.93,0.00
1,7156955371,用户7156955371,0,1,33,0,0,0,0,16.50,0.00
1,6182290995,用户6182290995,0,1,203,0,0,0,0,101.50,0.00
1,7083422901,微笑向未来880512,0,1,399,0,0,0,0,199.50,0.00
1,5170222931,宿州卖房的小伙,0,1,64,1,0,0,0,32.00,0.00
1,7153600298,小啊鲸70626,0,3,36,1,0,0,0,9.00,0.00
1,7157883262,用户7157883262,0,1,252,0,0,0,0,126.00,0.00
0,6132776713,莫妮托,0,95,405,13,0,4,0,4.22,0.01
1,6311502661,用户6311502661,0,1,159,0,0,0,0,79.50,0.00
1,6238353243,ai美红,0,2,178,0,0,0,0,59.33,0.00
1,6219003430,用户6219003430,0,1,10,0,0,0,0,5.00,0.00
1,5638464355,摩羯座的touristuid018,0,5,206,0,0,0,0,34.33,0.00
1,7157882225,用户7157882225,0,1,39,0,0,0,0,19.50,0.00
1,6437372263,彬女王0019,0,1,474,0,0,0,0,237.00,0.00
1,7157883364,tyakichen77,0,1,68,0,0,0,0,34.00,0.00
0,6048963691,江西师大数信学院实践队许俊豪,0,57,152,54,0,11,35651584,2.62,0.07
1,6228626860,用户6228626860,0,1,357,10,0,0,35651584,178.50,0.00
1,6765025571,臧殿财,0,1,127,0,0,0,0,63.50,0.00
0,6386682844,小非非199006,0,9,97,9,0,0,35651584,9.70,0.00
0,5777265170,myieffwy,0,8,60,155,0,0,0,6.67,0.00
1,7156951541,好排大一棵树7,0,1,96,0,0,0,0,48.00,0.00
1,7157881864,用户7157881864,0,2,600,0,0,0,0,200.00,0.00
0,5497997669,靓发造型灵灵_793,0,9,18,7,0,1,0,1.80,0.05
1,5633825341,用户5633825341,0,6,120,0,0,0,0,17.14,0.00
1,5951483909,用户5951483909,0,1,108,1,0,0,0,54.00,0.00
1,7066962098,文君201904,0,1,65,0,0,0,0,32.50,0.00
0,6095028012,明天更好100024,0,16,66,13,0,1,0,3.88,0.01
1,7089686509,用户7089686509,0,2,84,0,0,0,0,28.00,0.00
1,6670610806,用户6670610806,0,1,222,0,0,0,0,111.00,0.00
1,6465702829,样Yongg,0,1,174,0,0,0,0,87.00,0.00
1,7156951671,脑喵喵爱吃糖3,0,1,32,0,0,0,0,16.00,0.00
0,3508518862,浪漫的hotdog,0,24,488,72,79,9,0,19.52,0.02
0,5141110396,不太自信的肉肉,0,18,163,15,6,3,33555456,8.58,0.02
0,5473292357,一生不变7087,0,9,178,14,0,1,0,17.80,0.01
1,3546267794,用户3546267794,0,5,211,4,0,0,33554432,35.17,0.00
1,5403761538,张齐琪91998,0,1,60,0,0,0,0,30.00,0.00
1,7156948367,用户7156948367,0,1,25,0,0,0,0,12.50,0.00
1,6834415238,用户6834415238,0,1,63,15,0,0,2097152,31.50,0.00
1,7157880179,只_有桔子8,0,1,50,0,0,0,0,25.00,0.00
1,6474732770,神一样的猫溺,0,4,96,0,0,0,0,19.20,0.00
1,5981321855,用户5981321855,0,1,129,0,0,0,0,64.50,0.00
1,5632291557,用户5632291557,0,1,60,0,0,0,0,30.00,0.00
1,6068003644,用户6068003644,0,3,455,1,0,0,0,113.75,0.00
0,6337131653,白羊座春风十里不如你,0,21,254,32,0,0,0,11.55,0.00
0,6563449768,流浪的漂洋过海来看你,0,19,1294,2,0,0,0,64.70,0.00
0,6454191800,风雨无阻5362,0,17,99,639,0,1,0,5.50,0.01
1,6187897796,用户6187897796,0,1,511,0,0,0,0,255.50,0.00
0,6393898147,旋律200609,0,24,87,11,0,2,0,3.48,0.02
1,6985952428,阿啾66463,0,1,65,2,0,0,0,32.50,0.00
1,6488224370,用户6488224370,0,1,159,0,0,0,0,79.50,0.00
1,6623606671,Archeologists,0,1,68,3,0,0,0,34.00,0.00
1,7157878307,JYeeniver05,0,1,45,0,0,0,0,22.50,0.00
0,5132710365,炽焰K,0,49,158,35,0,7,0,3.16,0.04
0,7156947390,DDxbd123,0,1,12,0,2,0,0,6.00,0.00
0,6621276092,倾城岁月佰峰荣耀,0,1,184,7,1,0,2097152,92.00,0.00
0,6172489102,Sholyo周,0,42,101,286,5,1,35651584,2.35,0.01
1,7156948240,保货小草12,0,1,23,0,0,0,0,11.50,0.00
1,2958047911,骄阳荡夜,0,24,140,1,0,0,0,5.60,0.00
0,6300534286,拾忆yjy,0,3,94,6,0,0,2097152,23.50,0.00
1,6489344417,荆京8303,0,1,60,0,0,0,0,30.00,0.00
1,6915318590,用户6915318590,0,1,62,0,0,0,0,31.00,0.00
0,5237188707,全世界缺个你,0,11,495,3,0,0,1024,41.25,0.00
1,6120604761,欣仔44164,0,19,341,2,0,0,0,17.05,0.00
1,7157875920,用户7157875920,0,1,104,0,0,0,0,52.00,0.00
1,6576779778,Tily46196,0,19,140,0,0,0,0,7.00,0.00
1,6459780672,用户6459780672,0,1,113,0,0,0,0,56.50,0.00
0,6130634487,戴着红帽吃鹅,0,19,133,1,1,1,0,6.65,0.01
0,6110026142,用户6110026142,0,1,324,1,0,0,0,162.00,0.00
0,3172667422,雲翊G3,0,53,106,105,0,8,1024,1.96,0.07
1,7157875763,黑暗系中二病O3,0,1,48,0,0,0,0,24.00,0.00
1,6835628347,用户6835628347,0,1,61,15,0,0,2097152,30.50,0.00
0,6310142392,雨尘200803,0,9,303,2,0,0,0,30.30,0.00
0,6345136507,木头妖怪的元宵,0,116,1941,135,321,6,35651584,16.59,0.00
0,6879386636,用户6879386636,0,1,22,3,0,0,0,11.00,0.00
1,7079884142,yybzd61536,0,2,276,0,0,0,0,92.00,0.00
0,6239559326,前男友84686,0,20,124,5,0,1,0,5.90,0.01
1,6485238422,用户6485238422,0,1,120,0,0,0,0,60.00,0.00
1,6485238422,用户6485238422,0,1,120,0,0,0,0,60.00,0.00
1,7067581330,wsq-02,0,2,76,0,0,0,0,25.33,0.00
0,5216058904,赞果--徐小玲,0,12,451,5,0,0,0,34.69,0.00
1,6114981942,小土土011,0,10,256,0,0,0,0,23.27,0.00
1,6804318008,用户6804318008,0,2,123,12,0,0,0,41.00,0.00
1,6310008128,用户6310008128,0,3,656,1,0,0,0,164.00,0.00
1,5415901031,喜欢吃小草莓的妹子,0,1,109,0,0,0,0,54.50,0.00
1,7157874332,郁少V186,0,1,97,0,0,0,0,48.50,0.00
0,3132118161,禾一弋,0,120,52,125,14,1,2097152,0.43,0.02
0,2381300911,柠檬姐姐NM,0,301,289,176,8,79,35651584,0.96,0.27
0,6469886816,陈享又偷偷关注你了,0,1,7,8,0,0,0,3.50,0.00
1,5622821705,用户5622821705,0,1,143,0,0,0,0,71.50,0.00
1,7156944161,Xzhangchunlian68,0,1,39,0,0,0,0,19.50,0.00
0,6405855806,干净的像风VH,0,7,387,22,0,1,0,48.38,0.00
0,5248056494,瘦妹12月的冬季,0,67,299,81,0,18,2098176,4.40,0.06
1,7156944012,用户7156944012,0,1,46,0,0,0,0,23.00,0.00
0,5128355489,应梦梦92313,0,26,163,2,0,1,1024,6.04,0.01
0,6277568089,用户6277568089,0,3,155,9,0,0,0,38.75,0.00
0,6066193087,团偏源的四叶草,0,3,46,4,0,0,0,11.50,0.00
1,6211405825,用户6211405825,0,1,58,0,0,0,0,29.00,0.00
0,6475908928,戒不了烟_,0,9,161,3,0,0,0,16.10,0.00
1,6168390208,用户6168390208,0,2,134,0,0,0,0,44.67,0.00
1,5752317754,左洪传,0,1,169,0,0,0,0,84.50,0.00
0,5736703994,小猪故友,0,13,185,1,0,0,33554432,13.21,0.00
1,7156942563,用户7156942563,0,2,602,0,0,0,0,200.67,0.00
1,6685611604,用户6685611604,0,2,132,0,0,0,0,44.00,0.00
0,2264209693,多面大爷Quiettree,0,234,99,765,3,18,2098178,0.42,0.18
1,6863441029,zk-struggle,0,6,177,1,0,0,0,25.29,0.00
1,7016185589,用户7016185589,0,1,156,0,0,0,0,78.00,0.00
1,6353603084,我就是我不一样的自己32450,0,2,203,0,0,0,0,67.67,0.00
1,5890426166,MissYuan89178,0,1,61,0,0,0,0,30.50,0.00
0,6449591111,用户6449591111,0,13,1089,9,0,0,0,77.79,0.00
1,7156941246,时光与谦有染,0,1,34,0,0,0,0,17.00,0.00
1,6099205262,用户6099205262,0,1,240,0,0,0,0,120.00,0.00
0,6081808692,可乐鸡翅sss,0,13,97,141,0,0,0,6.93,0.00
0,7156934618,Astrid_Sylvia,0,1,45,3,0,0,0,22.50,0.00
1,7036514548,用户7036514548,0,1,61,0,0,0,0,30.50,0.00
1,7157870259,用户7157870259,0,1,44,0,0,0,0,22.00,0.00
1,6811624770,用户6811624770,0,1,61,10,0,0,0,30.50,0.00
1,6640234247,我有一头小毛驴530,0,1,85,0,0,0,0,42.50,0.00
0,6286794957,用户6286794957,0,3,187,5,0,1,0,46.75,0.01
1,7156940262,花小约珊珊912,0,1,31,0,0,0,0,15.50,0.00
1,6481042330,用户6481042330,0,2,115,0,0,0,0,38.33,0.00
1,6023368739,用户6023368739,0,1,101,0,0,0,0,50.50,0.00
1,7157869694,vwunaisijixia99,0,1,92,0,0,0,0,46.00,0.00
0,5946051145,我的梦想是幸福的生活,0,40,233,417,7,3,0,5.68,0.01
1,7157869260,七_分HY21,0,1,37,0,0,0,0,18.50,0.00
1,7157869210,wun21_旭fao,0,1,35,0,0,0,0,17.50,0.00
1,7006660746,李瑞鑫妈妈62767,0,1,60,0,0,0,0,30.00,0.00
1,6725216829,用户6725216829,0,1,130,0,0,0,0,65.00,0.00
1,7156939199,毛_躁姑娘03,0,1,49,0,0,0,0,24.50,0.00
0,1144461652,zzdbb,0,182,651,273,0,86,0,3.56,0.13
0,6585157252,九街姑娘39702,0,9,470,1,1,0,2097152,47.00,0.00
1,6393830548,用户6393830548,0,1,72,0,0,0,0,36.00,0.00
1,6181270934,用户6181270934,0,3,123,0,0,0,0,30.75,0.00
1,7065718384,恶魔少女21102,0,1,212,1,0,0,0,106.00,0.00
0,1877696167,wgzst,0,23,237,217,1,0,0,9.88,0.00
1,7046255682,阡久陌,0,1,104,0,0,0,0,52.00,0.00
1,6308018226,晚晚201104,0,1,597,1,0,0,0,298.50,0.00
1,7157867116,okkirsche02,0,1,66,0,0,0,0,33.00,0.00
0,1101042221,瓷都野哥,0,49,147,51,5,1,1024,2.94,0.01
1,7156936362,春眠咘覺晓,0,1,266,0,0,0,0,133.00,0.00
1,6517642131,大帅哥王源,0,1,86,2,0,0,0,43.00,0.00
1,7157866521,谢小hw米1226,0,1,83,0,0,0,0,41.50,0.00
1,7085226892,用户7085226892,0,1,383,0,0,0,0,191.50,0.00
0,1411582047,狂放而凝落,0,93,412,41,2,22,2097152,4.38,0.05
1,7060314809,用户7060314809,0,1,60,0,0,0,0,30.00,0.00
1,5458989223,zhang张张江,0,1,87,0,0,0,0,43.50,0.00
1,6148545157,Rainbow40656,0,1,268,0,0,0,0,134.00,0.00
1,7157864854,魔道新粉,0,1,305,0,1,0,2097152,152.50,0.00
0,5249010938,瓶子wb,0,149,171,63,17,9,0,1.14,0.05
1,7157865464,你认识赵大可NM吗,0,1,43,0,0,0,0,21.50,0.00
1,7156935461,一见喜678,0,2,643,0,0,0,0,214.33,0.00
1,7157864861,用户7157864861,0,1,581,0,0,0,0,290.50,0.00
1,6362317956,夏沫之殇68361,0,1,521,0,0,0,0,260.50,0.00
1,6836939443,WeiZhpng丶,0,3,126,16,0,1,2097152,31.50,0.01
1,6646179892,救赎6011,0,1,64,0,0,0,0,32.00,0.00
1,5593426184,Js败柳,0,1,124,0,0,0,0,62.00,0.00
1,6148775352,Qin菇凉丶,0,1,67,1,0,0,0,33.50,0.00
1,6504198651,用户6504198651,0,1,345,1,0,0,0,172.50,0.00
0,6973270618,爱喝旺仔的倩,0,1,46,1,0,0,2097152,23.00,0.00
0,5070868262,文心雕龙262_235,0,17,625,3,0,1,0,34.72,0.00
0,6104501826,可爱的小羊羊咩11,0,24,202,1,0,0,2097152,8.08,0.00
1,7156933403,不在tF东篱,0,1,42,0,0,0,0,21.00,0.00
1,7156895167,用户7156895167,0,1,15,0,0,0,0,7.50,0.00
1,6089666228,执念六哥,0,38,323,3,0,0,0,8.28,0.00
1,7157862428,动心199907,0,1,223,0,0,0,0,111.50,0.00
1,6292073108,用户6292073108,0,1,53,2,0,0,0,26.50,0.00
1,7157863096,大白同学向前走Q7,0,1,45,0,0,0,0,22.50,0.00
1,7157863264,傻瓜与P野丫头3,0,1,45,0,0,0,0,22.50,0.00
1,7026085859,陌60768,0,1,40,0,0,0,0,20.00,0.00
0,6475054268,南西201801,0,27,167,84,0,1,33554432,5.96,0.01
1,7157860375,你我皆S凡人21,0,1,105,0,0,0,0,52.50,0.00
0,6510434319,用户6510434319,0,12,530,33,0,2,0,40.77,0.00
0,1274723937,PRETTY-Y,0,185,1843,58,0,1,0,9.91,0.00
1,6264211685,用户6264211685,0,2,281,0,0,0,2097152,93.67,0.00
1,7156932139,用户7156932139,0,1,165,0,0,0,0,82.50,0.00
0,5143072242,11丫头青,0,37,90,3,0,0,1049600,2.37,0.00
1,7157862760,R哎呀大魔王9,0,1,29,0,0,0,0,14.50,0.00
1,6575341757,用户6575341757,0,2,124,1,0,0,0,41.33,0.00
1,7157860664,用户7157860664,0,1,530,0,0,0,0,265.00,0.00
1,6708575608,梦之安魂71127,0,1,67,1,0,0,0,33.50,0.00
0,6203371776,嫣然一笑的精彩7,0,7,533,2,1,0,0,66.62,0.00
0,6281559823,用户6281559823,0,4,65,0,0,3,0,13.00,0.05
1,7156932501,用户7156932501,0,1,26,0,0,0,0,13.00,0.00
0,2655316941,知明觉晓,0,124,61,156,10,20,0,0.49,0.32
0,6556597192,水瓶逗逗逗逗凯,0,6,64,1,0,2,0,9.14,0.03
1,6186174236,用户6186174236,0,1,190,0,1,0,0,95.00,0.00
1,6226761941,弥音的烦恼,0,33,798,3,0,0,0,23.47,0.00
1,6996668371,用户6996668371,0,1,15,4,0,0,0,7.50,0.00
1,6140488708,静静地听你诉说去倾听去理解,0,17,362,1,0,0,0,20.11,0.00
1,6485261640,用户6485261640,0,1,448,1,0,0,0,224.00,0.00
1,6218558262,就叫也许过去了,0,3,827,0,0,0,0,206.75,0.00
1,6126049195,用户6126049195,0,1,109,0,0,0,0,54.50,0.00
1,7156931087,oud忍者神妖,0,1,27,0,0,0,0,13.50,0.00
1,6898982215,用户6898982215,0,1,169,0,0,0,0,84.50,0.00
0,2218697802,世界只有一个你Lan,0,58,588,30,2,12,0,9.97,0.02
1,7156930872,梅投配恼的咩咩16,0,1,85,0,0,0,0,42.50,0.00
0,5636610737,有你的友谊之光,0,101,370,74,1,3,2097154,3.63,0.01
0,6413290239,秀秀秀man-0216,0,73,1197,2050,1,12,0,16.18,0.01
1,7157860019,upk007918,0,1,49,0,0,0,0,24.50,0.00
0,3212299637,商先生的孙小姐,0,172,615,601,124,8,35652610,3.55,0.01
1,7050469358,遇见远方_逸风,0,3,220,4,0,1,0,55.00,0.00
0,6479130880,用户647916479130880,0,1,446,3,0,0,2097152,223.00,0.00
1,7157859182,采蘑菇的小斯基eG,0,1,50,0,0,0,0,25.00,0.00
1,6422654291,用户6422654291,0,1,127,5,0,0,0,63.50,0.00
0,5584729434,伊芙利特之迹,0,268,37,135,13,0,2098176,0.14,0.00
1,7156929401,璇丶子miss05,0,1,46,0,0,0,0,23.00,0.00
0,6354466842,用户6354466842,0,5,156,10,1,0,0,26.00,0.00
1,6282071046,用户6282071046,0,1,363,8,0,0,0,181.50,0.00
1,5214652420,青萧凉梦Q,0,4,161,0,0,0,0,32.20,0.00
1,6811495130,用户6811495130,0,1,60,10,0,0,0,30.00,0.00
1,6239031941,用户6239031941,0,3,209,3,0,0,0,52.25,0.00
0,5110879015,琪琪199136,0,36,201,102,1,1,33555456,5.43,0.00
1,6180219164,用户6180219164,0,1,705,2,0,0,0,352.50,0.00
0,1498639521,Lazy-小狐狸,0,502,1130,284,264,138,2097152,2.25,0.12
1,7157857662,无敌大cw怪,0,1,23,0,0,0,0,11.50,0.00
0,5255004174,小林光十三,0,35,92,8,0,1,0,2.56,0.01
1,6363964685,用户6363964685,0,1,460,0,0,0,0,230.00,0.00
1,7156928064,用户7156928064,0,1,31,0,0,0,0,15.50,0.00
0,2774908807,武強縣長,0,360,2018,600,0,0,0,5.59,0.00
0,6603576023,不爱香菜的桶桶,0,1,4,0,0,0,2097152,2.00,0.00
1,6117786291,用户6117786291,0,2,180,0,0,0,0,60.00,0.00
0,6517073466,蛋蛋店主,0,9,253,20,0,2,0,25.30,0.01
1,2104940863,盛景源生物科技,0,2,249,2,0,0,0,83.00,0.00
1,6308280644,用户6308280644,0,3,60,0,0,0,0,15.00,0.00
1,6998454948,用户6998454948,0,1,578,0,0,0,0,289.00,0.00
0,5409205001,海豚湾45607,0,7,223,2,0,1,0,27.88,0.00
1,5622484498,用户5622484498,0,2,60,0,0,0,0,20.00,0.00
0,3062947523,妮卡4347,0,58,528,1414,9,4,2097152,8.95,0.01
1,6327379804,富土康3号质检员,0,4,174,0,0,0,0,34.80,0.00
1,7156926352,用户7156926352,0,1,24,0,0,0,0,12.00,0.00
0,2761610080,蓝紫色的天空_Anger,0,54,289,29,0,0,1024,5.25,0.00
0,5342880775,MLL卡哇伊伊一大wa,0,47,349,4,0,8,35651584,7.27,0.02
1,7157855635,小猴子种豆子__6,0,1,48,0,0,0,0,24.00,0.00
0,2263949457,秋刀鱼的味滋,0,1479,97,131,133,12,2098176,0.07,0.12
0,5590409808,吕浪琪0215,0,14,153,11,1,0,0,10.20,0.00
0,5972836327,梅梅端端,0,50,132,2,0,0,0,2.59,0.00
1,6336175074,历史的尘,0,2,189,0,0,0,33554432,63.00,0.00
1,7157854928,铃灵凌pf,0,1,45,0,0,0,0,22.50,0.00
1,5555315693,XIAOCHEN24927,0,1,86,0,0,0,0,43.00,0.00
1,6292949450,宝宝091006292949450,0,1,178,0,0,0,0,89.00,0.00
0,6237209903,用户6237209903,0,22,238,2,0,0,0,10.35,0.00
0,2380237764,格桑花的曲调z,0,96,397,242,774,11,2097152,4.09,0.03
1,7157854501,用户7157854501,0,1,46,0,0,0,0,23.00,0.00
0,3287869207,薄荷糖340,0,435,323,4320,5,31,2097152,0.74,0.10
0,3299797623,手机用户3299797623,0,53,171,31,0,2,0,3.17,0.01
1,7048023368,用户7048023368,0,2,164,0,0,0,0,54.67,0.00
0,1195429600,峨眉天下秀1,0,80,75,65,62,0,2097152,0.93,0.00
1,6346734498,没有网名3013,0,3,348,1,0,0,0,87.00,0.00
1,7157853943,Tina阿泽n2,0,1,23,0,0,0,0,11.50,0.00
0,6478277529,用户6478277529,0,1,123,7,0,0,34603008,61.50,0.00
1,6580685321,墨染安然Tel,0,1,322,0,0,0,0,161.00,0.00
1,5443862505,用户5443862505,0,2,104,0,0,0,0,34.67,0.00
0,6700789137,用户6700789137,0,3,86,3,0,1,0,21.50,0.01
0,6055587352,Sun-向上,0,46,81,7,2,7,35651584,1.72,0.09
1,6179412413,小丁宝宝5871,0,3,139,0,0,0,0,34.75,0.00
1,5702204386,用户5702204386,0,1,68,0,0,0,0,34.00,0.00
1,6898930859,用户6898930859,0,2,63,2,0,0,0,21.00,0.00
1,6448133874,用户6448133874,0,1,228,0,0,0,0,114.00,0.00
1,6508134868,风的季节-199303,0,3,279,0,0,0,0,69.75,0.00
0,5445878538,RuptureL,0,97,195,1108,112,26,1024,1.99,0.13
1,5486670555,猫巷女王i_93210,0,6,377,0,0,0,0,53.86,0.00
1,7156921256,陌生人你好48693,0,1,44,0,0,0,0,22.00,0.00
0,3189702615,晓东0614,0,134,268,152,0,50,1024,1.99,0.19
1,7050353569,用户7050353569,0,1,641,0,0,0,0,320.50,0.00
1,7156921724,西风FB漂流,0,1,45,0,0,0,0,22.50,0.00
0,5579353180,黯殇且断肠,0,50,268,110,16,12,2098176,5.25,0.04
1,6205101837,用户6205101837,0,2,122,0,0,0,0,40.67,0.00
1,6490311670,雅芙啊,0,4,445,0,0,0,0,89.00,0.00
1,7089951010,用户7089951010,0,1,324,0,0,0,0,162.00,0.00
0,1960544695,lion-云,0,244,712,575,57,124,0,2.91,0.17
0,6557003199,了表,0,10,327,5,0,0,2097152,29.73,0.00
1,5175090145,是lust哦,0,1,39,0,0,0,0,19.50,0.00
1,7156919746,阿lw类,0,1,110,0,0,0,0,55.00,0.00
0,6214764400,Jiminsgirlfriend69493,0,14,156,2,0,0,0,10.40,0.00
0,2721983021,charonxiao,0,100,546,59,1,27,35651584,5.41,0.05
0,5534383823,小积极大乐观,0,940,372,847,23,7,2097152,0.40,0.02
1,6203528710,用户6203528710,0,1,223,1,0,0,0,111.50,0.00
1,6226022698,闪闪大蕉666,0,1,55,0,0,0,0,27.50,0.00
1,3129931447,手机用户3129931447,0,1,176,1,0,0,0,88.00,0.00
1,7157848861,Pwhapal530,0,1,45,0,0,0,0,22.50,0.00
1,6828214451,用户6828214451,0,1,62,17,0,0,2097152,31.00,0.00
0,3212460350,墨羽轻尘333_128,0,8,85,1,0,3,0,9.44,0.03
0,6434664109,淫梦74839,0,31,625,20,0,1,2097152,19.53,0.00
0,6147301433,糖炒板栗xx,0,20,201,1261,301,0,2097152,9.57,0.00
1,7157847686,小布F拉吉3,0,1,32,0,0,0,0,16.00,0.00
1,7157847171,洛灵777,0,1,370,0,0,0,0,185.00,0.00
1,6830070831,用户6830070831,0,1,61,16,0,0,2097152,30.50,0.00
0,2070371597,黎雪要吃好吃的,0,214,580,829,3,72,0,2.70,0.12
0,6306278107,用户6306278107,0,28,690,16,0,7,33554432,23.79,0.01
0,5934597007,靖远-莎,0,92,171,253,2,25,2098176,1.84,0.15
1,6011916215,wei爱猫的我,0,1,166,0,0,0,0,83.00,0.00
0,7017567030,脂肪脂肪0105,0,1,171,3,0,0,0,85.50,0.00
1,7157846058,用户7157846058,0,2,149,0,0,0,0,49.67,0.00
0,3129046095,CCc___CTL,0,30,330,2,0,3,2097152,10.65,0.01
1,6199446677,一个伪足球迷,0,1,156,0,0,0,0,78.00,0.00
1,6580782055,用户6580782055,0,3,453,0,0,0,0,113.25,0.00
1,7156916780,htrzwish721,0,1,49,0,0,0,0,24.50,0.00
1,6329424386,周宁198812,0,2,225,0,0,0,0,75.00,0.00
1,7156915826,用户7156915826,0,2,116,0,0,0,0,38.67,0.00
1,7072964359,迷雾小麋鹿,0,1,190,0,0,0,0,95.00,0.00
1,7157844310,私有物26250,0,1,9,0,0,0,0,4.50,0.00
1,5670755327,用户5670755327,0,1,69,0,0,0,0,34.50,0.00
0,1773619923,不安分的心在路上,0,296,206,762,14,56,33555456,0.69,0.27
1,3220741894,Yang彩群,0,9,158,0,0,0,0,15.80,0.00
0,3301053793,一个没了心的Boy,0,4,247,1,0,0,0,49.40,0.00
0,6494467800,用户6494467800,0,1,65,1,0,0,0,32.50,0.00
1,7157837837,惆怅的垂二货52,0,1,67,0,0,0,0,33.50,0.00
0,6083668005,枯萎的蒲公英11846,0,12,42,8,1,0,2097152,3.23,0.00
1,1839805017,棉花糖3738,0,8,291,1,0,0,0,32.33,0.00
1,7157844150,用户7157844150,0,1,37,0,0,0,0,18.50,0.00
0,6456546343,Zw·Cij,0,59,146,156,12,15,2097152,2.43,0.10
0,6139620104,我傲娇是因为有你宠,0,5,320,7,0,0,0,53.33,0.00
1,6232342337,聪白yo,0,2,147,0,0,0,0,49.00,0.00
0,6152096076,无离愁,0,39,532,5,0,0,0,13.30,0.00
0,6056275071,热情小武,0,18,99,1,0,0,0,5.21,0.00
0,6969925432,用户6969925432,0,1,121,1,0,0,2097152,60.50,0.00
1,6616044415,俞莉仙,0,1,93,0,0,0,0,46.50,0.00
1,6375237014,勇029111,0,1,229,0,0,0,0,114.50,0.00
0,6113341126,尼采说我是疯子,0,169,755,246,14,2,2097152,4.44,0.00
1,6315194265,用户6315194265,0,1,260,0,0,0,0,130.00,0.00
1,6276082964,吃货一马平川516,0,23,344,0,0,0,0,14.33,0.00
1,6784305615,罗云熙41230,0,1,43,0,0,0,0,21.50,0.00
0,5515005647,zieo08879,0,1,177,2,0,0,0,88.50,0.00
1,5526001444,老公和宝贝爱你们,0,1,24,0,0,0,0,12.00,0.00
0,3169690912,vannessawawa,0,144,479,1045,60,22,35651584,3.30,0.05
0,7048761483,可爱的楚瑶,0,42,144,206,0,3,2097152,3.35,0.02
1,6715316240,用户6715316240,0,3,75,0,0,0,0,18.75,0.00
1,7157840463,goffyx07,0,1,21,0,0,0,0,10.50,0.00
0,2151625665,m敏行,0,258,666,163,43,70,2097152,2.57,0.10
1,6927429448,灿若兰花2019,0,1,193,0,0,0,0,96.50,0.00
0,5418901016,信笺vv,0,56,311,68,2,0,2097152,5.46,0.00
1,6581895988,刘云6758,0,4,164,0,0,0,0,32.80,0.00
0,1763485764,小三毛的秘密基地,0,467,204,61,14,9,2098176,0.44,0.04
1,6310312069,用户6310312069,0,1,57,0,0,0,0,28.50,0.00
0,3286386165,DDXXYY123,0,64,543,31,3,3,2098176,8.35,0.01
1,7157838162,调皮皮的wM张瓜瓜,0,1,23,0,0,0,0,11.50,0.00
0,6433167042,用户6433167042,0,7,408,2,0,0,2097152,51.00,0.00
1,7157836964,coinisi37441,0,1,302,0,0,0,0,151.00,0.00
1,6432645341,施惠惠15990301227,0,1,348,0,0,0,0,174.00,0.00
0,7157614693,WMDA茶茶,0,5,38,6,0,1,0,6.33,0.03
1,6365523961,danzhu4432,0,1,177,0,0,0,0,88.50,0.00
1,5738935674,用户5738935674,0,6,61,0,0,0,0,8.71,0.00
1,7062358015,林笙22,0,2,730,0,0,0,0,243.33,0.00
0,6381318023,听闻群妹妹很乖0,0,1,89,1,0,0,0,44.50,0.00
0,6519017206,gxxnfy6519017206,0,54,491,144,2,1,2097152,8.93,0.00
1,6393532660,不会下蛋的鸡8077,0,1,558,0,0,0,0,279.00,0.00
1,6293316252,用户6293316252,0,1,59,0,0,0,0,29.50,0.00
1,7093952029,用户7093952029,0,1,390,0,0,0,0,195.00,0.00
1,7156906467,体育场馆-中心88,0,1,43,0,0,0,0,21.50,0.00
0,5171274996,Adieu12365,0,9,118,11,2,1,0,11.80,0.01
1,7156905023,寻觅豆瓣菩提VP,0,1,85,0,0,0,0,42.50,0.00
0,5815758752,beautifulidot,0,19,264,88,0,1,2097152,13.20,0.00
0,6881436097,清草C57008,0,7,85,2,0,0,0,10.62,0.00
0,6104563964,默6104563964,0,11,461,1,13,0,33554432,38.42,0.00
1,7157828097,用户7157828097,0,3,113,0,0,0,0,28.25,0.00
0,5853687742,A-孟希,0,2,184,1,0,0,1024,61.33,0.00
0,2609027001,山东政法学院---名舞堂_728,0,25,146,4,0,7,2097152,5.62,0.05
1,7157833402,王fT小闹闹闹,0,1,26,0,0,0,0,13.00,0.00
0,6368052073,曹小云6368052073,0,54,212,46,2,0,0,3.85,0.00
0,2771038743,北越份子艾特you,0,10,148,19,0,0,0,13.45,0.00
1,6991070234,SEV7N12559,0,1,64,0,0,0,0,32.00,0.00
1,6370216698,知许别事,0,3,307,0,0,0,0,76.75,0.00
0,6709022886,用户6709022886,0,2,60,3,0,0,0,20.00,0.00
0,5045676479,一笑而过97467,0,43,213,4,0,0,33554432,4.84,0.00
1,6470425022,薄情0712,0,2,55,0,0,0,0,18.33,0.00
1,7157831864,kMissSpring517,0,1,50,0,0,0,0,25.00,0.00
0,5864160092,林梓fickle,0,11,90,10,0,1,1024,7.50,0.01
1,7157831519,法芒草的岛屿06,0,1,24,0,0,0,0,12.00,0.00
1,6740433203,用户6740433203,0,1,191,0,0,0,0,95.50,0.00
1,7024700572,痴49416,0,4,410,0,0,0,0,82.00,0.00
0,5851976182,爱旅行的小鱼儿-869,0,6,204,4,0,0,0,29.14,0.00
1,6587811198,用户6587811198,0,2,259,0,0,0,0,86.33,0.00
1,7157829434,用户7157829434,0,1,174,0,0,0,0,87.00,0.00
1,7156901150,Gv孩孩3_cG,0,1,60,0,0,0,0,30.00,0.00
0,6533918755,用户6533918755,0,4,118,1,1,0,0,23.60,0.00
1,6506452705,王雪0903,0,1,216,0,0,0,0,108.00,0.00
0,5711648699,清语静,0,38,321,75,1052,5,2097152,8.23,0.02
1,6471969422,河边漫步6471969422,0,13,34,0,0,0,0,2.43,0.00
0,5732238522,等着你136,0,5,118,4,0,0,1024,19.67,0.00
1,6570542404,夏独憶78883,0,2,413,0,0,0,0,137.67,0.00
0,5722456679,宽敞镰,0,1,94,1096,0,0,1024,47.00,0.00
1,5209102758,用户5209102758,0,1,344,0,0,0,0,172.00,0.00
0,3733497622,半颗糖的忧伤,0,72,183,66,4,44,0,2.51,0.24
0,6583355095,好丸美,0,5,136,3,0,0,0,22.67,0.00
1,7060357966,用户7060357966,0,3,333,0,0,0,0,83.25,0.00
1,7047022658,用户7047022658,0,1,131,0,0,0,0,65.50,0.00
0,6563372981,用户6563372981,0,1,85,2,0,0,0,42.50,0.00
1,6499680591,用户6499680591,0,2,432,0,0,0,0,144.00,0.00
0,6602749952,霓裳惠心,0,7,102,15,1,0,2097152,12.75,0.00
1,7157827304,用户7157827304,0,1,40,0,0,0,0,20.00,0.00
1,7156896663,用户7156896663,0,2,622,0,0,0,0,207.33,0.00
1,6172544199,用户6172544199,0,1,179,0,0,0,0,89.50,0.00
1,6557573963,用户6557573963,0,10,929,0,0,0,0,84.45,0.00
0,5823237253,用户5823237253,0,1,99,2,0,0,2097152,49.50,0.00
1,7156896463,墨鹿桑,0,1,173,0,0,0,0,86.50,0.00
1,7156897222,江米豆Hp包团儿,0,1,49,0,0,0,0,24.50,0.00
1,7157826413,小城里的一小提刑,0,1,74,0,0,0,0,37.00,0.00
0,6861471821,用户6861471821,0,2,263,2,0,0,0,87.67,0.00
0,6441886968,夏日星空1920,0,7,684,6,0,0,0,85.50,0.00
0,5611988071,用户5611988071,0,1,154,4,1,0,0,77.00,0.00
0,3963000049,林慕黄,0,263,743,0,4422,23,2098176,2.81,0.03
0,6504202158,杀手时间轴,0,1,124,2,0,0,0,62.00,0.00
0,2660298084,MiniTreehu,0,38,357,27,0,0,0,9.15,0.00
0,5705320987,_宝宝叽的老公仔,0,2,62,1,0,1,0,20.67,0.02
1,7077455454,用户7077455454,0,3,549,0,0,0,0,137.25,0.00
0,7025661032,盐城陈林萨克斯,0,3,30,4,0,1,0,7.50,0.03
0,5312526016,可爱小罗子,0,134,313,115,0,5,2098176,2.32,0.02
1,6393074767,用户6393074767,0,1,106,0,0,0,0,53.00,0.00
1,6616854427,Timeless落尘89730,0,1,95,0,0,0,0,47.50,0.00
0,6126702476,南栀倾寒--0,0,55,654,24,1,0,2097152,11.68,0.00
0,5525201103,共勉Min,0,14,251,2,2,0,0,16.73,0.00
1,7156893787,家导阵老笠8,0,1,85,0,0,0,0,42.50,0.00
0,5152047668,四牌楼一哥,0,315,801,295,82,52,35652608,2.53,0.06
1,7157822949,星星的依赖丶02,0,1,41,0,0,0,0,20.50,0.00
0,6021334814,小钰ypy,0,21619,4116,264,1,3658,2097152,0.19,0.89
1,7156893860,撤吃枇杷不吐核,0,1,35,0,0,0,0,17.50,0.00
1,6011547990,陈陈吧吧,0,5,87,0,0,0,0,14.50,0.00
1,7157821863,用户7157821863,0,1,261,0,0,0,0,130.50,0.00
1,7079765575,做个混世魔王68,0,1,119,0,0,0,0,59.50,0.00
0,6837050448,坤哥等我-,0,1,61,16,0,0,0,30.50,0.00
0,5564781128,西西里吉木,0,8,127,1,0,3,0,14.11,0.02
0,6086301020,小糊涂ae,0,636,627,377,0,1,2097152,0.98,0.00
1,7157821200,Daisy_2014j66,0,1,42,0,0,0,0,21.00,0.00
1,7157817864,丧丧的小朱,0,1,75,0,0,0,0,37.50,0.00
0,2526898082,随域而安吧,0,101,454,245,75,13,33554432,4.45,0.03
1,3163959485,1995_姚姚领先,0,44,67,0,0,0,0,1.49,0.00
0,5829448048,发呆女疯子,0,25,91,5,0,1,0,3.50,0.01
1,7157819470,nbalabllll530,0,1,25,0,0,0,0,12.50,0.00
1,5652665553,地理不考及格不改名,0,3,143,0,0,0,0,35.75,0.00
1,7157818559,桃教小丸丸丸88,0,1,46,0,0,0,0,23.00,0.00
0,6403165923,舒贝和卡宝,0,157,760,9,3,0,2097152,4.81,0.00
0,6459584089,爱娟子和开心,0,8,98,2,0,0,0,10.89,0.00
0,5589579029,王小米的米小樂,0,31,429,2150,25,1,2097152,13.41,0.00
0,5085272999,用户riwwpbadzi,0,9,234,98,9,1,2097152,23.40,0.00
0,6836565268,王哥等我-,0,1,59,16,0,0,0,29.50,0.00
0,6689721676,用户6689721676,0,3,188,1,0,0,0,47.00,0.00
0,5581684984,嗒嗒欧尼酱,0,1,225,1,0,1,0,112.50,0.00
0,6525674637,成冬香,0,61,115,7,0,0,2097152,1.85,0.00
1,6168838248,用户6168838248,0,1,350,0,0,0,0,175.00,0.00
1,7157817010,用户7157817010,0,1,45,0,0,0,0,22.50,0.00
1,7157811425,Smile_ll19,0,1,14,0,0,0,0,7.00,0.00
1,7156887860,hazelnutse55,0,1,36,0,0,0,0,18.00,0.00
1,7156887751,晕晕晕大Tk头,0,1,34,0,0,0,0,17.00,0.00
0,5868519528,而今看山不是山,0,3,201,301,56,1,35651584,50.25,0.00
0,5704687783,用户5704687783,0,1,73,27,0,0,1048576,36.50,0.00
0,5808511012,肖鹏NeverG1veUp-96,0,8,126,1,0,2,0,14.00,0.02
1,7157815960,爱看动漫的疯女孩,0,2,684,0,0,0,0,228.00,0.00
1,7157815277,li误想剪短发05,0,1,56,0,0,0,0,28.00,0.00
0,6403682683,用户6403682683,0,1,169,2,15,0,33554432,84.50,0.00
0,6320745798,伊凡918,0,13,410,49,0,1,0,29.29,0.00
0,2832180287,甜甜的悄悄话,0,39,139,3,0,7,0,3.48,0.05
1,6465719727,用户6465719727,0,1,175,0,0,0,0,87.50,0.00
1,5449618714,刘畅48966,0,1,88,0,0,0,0,44.00,0.00
1,7156885995,用户7156885995,0,1,42,0,0,0,0,21.00,0.00
1,7084762021,用户7084762021,0,1,127,0,0,0,0,63.50,0.00
1,7157814983,小可妮O兔03,0,1,23,0,0,0,0,11.50,0.00
1,7157814606,用户7157814606,0,1,271,0,0,0,0,135.50,0.00
1,7157814749,RMiumiumiloko7,0,1,48,0,0,0,0,24.00,0.00
0,6343124708,用户6343124708,0,9,833,6,1,0,2097152,83.30,0.00
1,6827325756,用户6827325756,0,1,62,16,0,0,2097152,31.00,0.00
0,6208528824,用户6208528824,0,16,182,6,0,0,2097152,10.71,0.00
0,3202950987,昱州飞船,0,45,88,14,1,1,2097152,1.91,0.01
0,6730974331,用户6730974331,0,1,61,41,0,0,0,30.50,0.00
1,6333124385,JulieXu3590,0,9,582,0,0,0,0,58.20,0.00
1,6159723028,挥之即去200402,0,9,472,0,0,0,0,47.20,0.00
1,5409181716,行云天地间2015,0,1,40,0,0,0,0,20.00,0.00
1,7156882463,花嫁72073,0,1,112,0,0,0,0,56.00,0.00
0,6055923339,善恶的我1314,0,11,236,19,0,0,0,19.67,0.00
0,1789552314,Eric的旅途,0,452,1196,904,90,193,35651584,2.64,0.16
0,5245568535,用户5245568535,0,2,187,15,0,0,0,62.33,0.00
1,6731093085,用户6731093085,0,2,75,0,0,0,0,25.00,0.00
1,6524979282,蓝尧尾6524979282,0,13,122,0,0,0,0,8.71,0.00
0,6569951073,毛起起名字,0,1,202,5,0,0,0,101.00,0.00
0,6941234035,981遇见你,0,3,297,1,0,0,2097152,74.25,0.00
1,6396791194,用户6396791194,0,1,96,0,0,0,0,48.00,0.00
0,5241659556,史上超级无敌的帅逼木子大大,0,22,258,9,64,0,0,11.22,0.00
0,6835384173,农哥等我-,0,1,61,16,0,0,0,30.50,0.00
1,7156879563,思思潘2000,0,1,463,0,0,0,0,231.50,0.00
0,5033564947,年小苗,0,18,98,3,0,0,1024,5.16,0.00
0,6587797058,海岛连锁水疗,0,45,140,117,0,8,2097152,3.04,0.06
1,7155646098,小胖丫7879,0,2,73,0,0,0,0,24.33,0.00
1,6312712853,用户6312712853,0,1,61,0,0,0,0,30.50,0.00
1,6310131532,用户6310131532,0,1,117,0,0,0,0,58.50,0.00
0,3201912801,草泥马的小孩子,0,41,332,41,0,4,0,7.90,0.01
1,7156879728,务妹子很夏天3,0,1,33,0,0,0,0,16.50,0.00
0,6587589542,瑶拾柒,0,18,389,1,1,0,2097152,20.47,0.00
0,3883758609,听化话,0,31,78,6,0,0,0,2.44,0.00
0,5947339280,张嘉明77369,0,44,206,2,2,5,0,4.58,0.02
1,7023788676,用户7023788676,0,1,37,0,0,0,0,18.50,0.00
0,7016927688,用户7016927688,0,1,69,12,0,0,0,34.50,0.00
0,3640965407,用户3640965407,0,7,132,4,0,0,0,16.50,0.00
0,3010784097,Yanqiu111,0,14,235,52,2,4,35651584,15.67,0.02
0,6123110795,用户6123110795,0,1,273,5,0,0,0,136.50,0.00
1,6921160152,用户6921160152,0,1,229,0,0,0,0,114.50,0.00
1,7157806999,用户7157806999,0,1,21,0,0,0,0,10.50,0.00
1,6811010054,用户6811010054,0,1,128,0,0,0,0,64.00,0.00
1,6597495811,cheers29291,0,2,101,0,0,0,0,33.67,0.00
1,7157807381,luckyxc茜,0,1,21,0,0,0,0,10.50,0.00
1,6196149921,拉钩上钓1711,0,3,107,0,0,0,0,26.75,0.00
0,3918702155,唯一写过的,0,153,995,88,0,107,0,6.46,0.11
1,6016139674,用户6016139674,0,1,90,0,0,0,0,45.00,0.00
0,3918566671,南湖六姑妈1,0,13,100,12,0,2,1024,7.14,0.02
0,5390109055,电影银幕架_920,0,15,335,3,0,0,0,20.94,0.00
1,6766656651,_甜甜圈中间的圈_,0,1,94,0,0,0,0,47.00,0.00
1,7157805071,Withyou32554,0,1,36,0,0,0,0,18.00,0.00
1,5761561753,用户5761561753,0,4,58,0,0,0,0,11.60,0.00
1,6598260979,姜欣冉1372,0,1,72,0,0,0,0,36.00,0.00
0,2198991582,PMP非常三加四熊猫阿宝,0,420,568,757,195,221,2097152,1.35,0.39
1,7156875964,用户7156875964,0,1,17,0,0,0,0,8.50,0.00
1,7017590021,用户7017590021,0,4,135,11,0,0,0,27.00,0.00
1,7156875560,用户7156875560,0,2,318,0,0,0,0,106.00,0.00
1,7156876161,NA样U生活55,0,1,41,0,0,0,0,20.50,0.00
1,6556903746,用户6556903746,0,1,108,0,0,0,0,54.00,0.00
1,7156875231,魔_人小布欧07,0,1,128,0,0,0,0,64.00,0.00
0,7156844535,chen_64302,0,1,60,1,0,0,0,30.00,0.00
1,7157803068,泉子79704,0,1,170,0,0,0,0,85.00,0.00
1,7157802560,水晶心61327,0,7,458,2,0,0,0,57.25,0.00
0,6570114607,肖肖lou,0,20,134,4,2,1,0,6.38,0.01
1,5839626402,乱了年轻的心04493,0,2,65,0,0,0,0,21.67,0.00
0,6258044093,施宝华1,0,15,113,2,0,0,35651584,7.06,0.00
0,5783026741,你瞅啥呢io,0,24,258,2,1,13,1024,10.32,0.05
0,6307068810,likestoner,0,26,206,93,1,4,2097152,7.63,0.02
1,7156873634,适者生存丶JG,0,1,48,0,0,0,0,24.00,0.00
0,6504056867,18岁的静好,0,1,267,10,0,0,0,133.50,0.00
1,6546911187,用户6546911187,0,1,75,0,0,0,0,37.50,0.00
1,6126382107,过客仰望星空1240,0,1,301,2,0,0,0,150.50,0.00
